[0m[38;5;13m  Compiling[0m gleam3d
[0m[38;5;13m   Compiled[0m in 0.17s
[0m[38;5;13m    Running[0m gleam3d.main
0.0,0.05,0.0|0.0,-0.05,0.0|0.0,-0.05,0.05
0.0,0.05,0.0|0.0,0.05,0.05|0.0,-0.05,0.05
0.0,-0.05,0.0|0.9646446609406726,0.03535533905932742,0.0|0.9646446609406726,0.03535533905932742,0.05
0.0,-0.05,0.0|0.0,-0.05,0.05|0.9646446609406726,0.03535533905932742,0.05
0.9646446609406726,0.03535533905932742,0.0|1.0353553390593273,-0.035355339059327306,0.0|1.0353553390593273,-0.035355339059327306,0.05
0.9646446609406726,0.03535533905932742,0.0|0.9646446609406726,0.03535533905932742,0.05|1.0353553390593273,-0.035355339059327306,0.05
0.0,0.05,0.0|0.0,-0.05,0.0|1.0353553390593273,-0.035355339059327306,0.0
0.0,0.05,0.05|0.0,-0.05,0.05|1.0353553390593273,-0.035355339059327306,0.05
0.0,0.05,0.0|0.9646446609406726,0.03535533905932742,0.0|1.0353553390593273,-0.035355339059327306,0.0
0.0,0.05,0.05|0.9646446609406726,0.03535533905932742,0.05|1.0353553390593273,-0.035355339059327306,0.05
0.9646446609406726,0.03535533905932742,0.0|1.0353553390593273,-0.035355339059327306,0.0|1.0353553390593273,-0.035355339059327306,0.05
0.9646446609406726,0.03535533905932742,0.0|0.9646446609406726,0.03535533905932742,0.05|1.0353553390593273,-0.035355339059327306,0.05
1.0353553390593273,-0.035355339059327306,0.0|0.9646446609406726,1.0353553390593273,0.0|0.9646446609406726,1.0353553390593273,0.05
1.0353553390593273,-0.035355339059327306,0.0|1.0353553390593273,-0.035355339059327306,0.05|0.9646446609406726,1.0353553390593273,0.05
0.9646446609406726,1.0353553390593273,0.0|1.0353553390593273,0.9646446609406727,0.0|1.0353553390593273,0.9646446609406727,0.05
0.9646446609406726,1.0353553390593273,0.0|0.9646446609406726,1.0353553390593273,0.05|1.0353553390593273,0.9646446609406727,0.05
0.9646446609406726,0.03535533905932742,0.0|1.0353553390593273,-0.035355339059327306,0.0|1.0353553390593273,0.9646446609406727,0.0
0.9646446609406726,0.03535533905932742,0.05|1.0353553390593273,-0.035355339059327306,0.05|1.0353553390593273,0.9646446609406727,0.05
0.9646446609406726,0.03535533905932742,0.0|0.9646446609406726,1.0353553390593273,0.0|1.0353553390593273,0.9646446609406727,0.0
0.9646446609406726,0.03535533905932742,0.05|0.9646446609406726,1.0353553390593273,0.05|1.0353553390593273,0.9646446609406727,0.05
0.9646446609406726,1.0353553390593273,0.0|1.0353553390593273,0.9646446609406727,0.0|1.0353553390593273,0.9646446609406727,0.05
0.9646446609406726,1.0353553390593273,0.0|0.9646446609406726,1.0353553390593273,0.05|1.0353553390593273,0.9646446609406727,0.05
1.0353553390593273,0.9646446609406727,0.0|2.0353553390593273,1.0353553390593273,0.0|2.0353553390593273,1.0353553390593273,0.05
1.0353553390593273,0.9646446609406727,0.0|1.0353553390593273,0.9646446609406727,0.05|2.0353553390593273,1.0353553390593273,0.05
2.0353553390593273,1.0353553390593273,0.0|1.9646446609406727,0.9646446609406727,0.0|1.9646446609406727,0.9646446609406727,0.05
2.0353553390593273,1.0353553390593273,0.0|2.0353553390593273,1.0353553390593273,0.05|1.9646446609406727,0.9646446609406727,0.05
0.9646446609406726,1.0353553390593273,0.0|1.0353553390593273,0.9646446609406727,0.0|1.9646446609406727,0.9646446609406727,0.0
0.9646446609406726,1.0353553390593273,0.05|1.0353553390593273,0.9646446609406727,0.05|1.9646446609406727,0.9646446609406727,0.05
0.9646446609406726,1.0353553390593273,0.0|2.0353553390593273,1.0353553390593273,0.0|1.9646446609406727,0.9646446609406727,0.0
0.9646446609406726,1.0353553390593273,0.05|2.0353553390593273,1.0353553390593273,0.05|1.9646446609406727,0.9646446609406727,0.05
2.0353553390593273,1.0353553390593273,0.0|1.9646446609406727,0.9646446609406727,0.0|1.9646446609406727,0.9646446609406727,0.05
2.0353553390593273,1.0353553390593273,0.0|2.0353553390593273,1.0353553390593273,0.05|1.9646446609406727,0.9646446609406727,0.05
1.9646446609406727,0.9646446609406727,0.0|1.95,0.0,0.0|1.95,0.0,0.05
1.9646446609406727,0.9646446609406727,0.0|1.9646446609406727,0.9646446609406727,0.05|1.95,0.0,0.05
1.95,0.0,0.0|2.05,0.0,0.0|2.05,0.0,0.05
1.95,0.0,0.0|1.95,0.0,0.05|2.05,0.0,0.05
2.0353553390593273,1.0353553390593273,0.0|1.9646446609406727,0.9646446609406727,0.0|2.05,0.0,0.0
2.0353553390593273,1.0353553390593273,0.05|1.9646446609406727,0.9646446609406727,0.05|2.05,0.0,0.05
2.0353553390593273,1.0353553390593273,0.0|1.95,0.0,0.0|2.05,0.0,0.0
2.0353553390593273,1.0353553390593273,0.05|1.95,0.0,0.05|2.05,0.0,0.05